[1, 1, 1, 2, 1, 1, 2, 2, 1, 2, 2, 2, 1, 3, 1, 2, 2, 2, 1, 3, 2, 1, 3, 1, 1, 2, 2, 1, 1, 1, 2, 2, 1, 3, 2, 2, 4, 3, 3, 1, 3, 3, 2, 4, 3, 3, 2, 5, 5, 6, 5, 5, 7, 4, 4, 3, 3, 3, 1, 3, 2, 2, 2, 1, 3, 3, 1, 2, 2, 3, 2, 2, 3, 1, 2, 1, 2, 2, 3, 3, 1, 4, 3, 4, 4, 4, 3, 3, 2, 3, 2, 2, 3, 1, 2, 3, 1, 3, 3, 2, 3, 3, 1, 2, 1, 1, 1, 2, 1, 1, 1, 1, 1]
[0, 1, 1, 2, 2, 1, 1, 1, 1, 1, 1, 1, 2, 1, 1, 1, 1, 2, 1, 2, 1, 2, 1, 2, 1, 2, 1, 2, 1, 2, 1, 2, 2, 3, 3, 3, 2, 4, 2, 2, 2, 1, 2, 1, 2, 1, 2, 1, 2, 1, 1, 1, 1, 1, 1, 1, 1, 1, 1, 1, 1, 1, 1, 2, 2, 2, 2, 2, 1, 2, 1, 3, 1, 2, 1, 1, 1, 1, 1, 2, 1, 1, 2, 1, 2, 1, 1, 1, 1, 1, 1, 1, 2, 2, 1, 3, 4, 4, 8, 6, 5, 6, 4, 3, 2, 1, 2, 1, 1, 1, 2, 2, 1, 1, 2, 2, 1, 3, 1, 2, 1, 2, 2, 2, 2, 1, 2, 1, 2, 1, 2, 1, 2, 2, 1, 1, 1, 1, 1, 1, 2, 1, 2, 1, 2, 1, 3, 1, 1, 1, 2, 2, 2, 1, 2]
[1, 1, 3, 3, 3, 5, 4, 5, 6, 4, 4, 3, 3, 1, 2, 1, 2, 1, 1, 1, 2, 2, 2, 2, 2, 3, 2, 1, 2, 1, 2, 1, 2, 2, 1, 1, 1, 2, 1, 2, 1, 1, 2, 4, 3, 3, 4, 2, 4, 2, 3, 1, 3, 1, 2, 1, 3, 2, 2, 4, 3, 3, 4, 2, 2, 2, 2, 1, 1, 1, 2, 1, 1, 2, 1, 2, 2, 2, 1, 2, 1, 2, 1, 1, 1, 2, 2, 3, 1, 3, 3, 3, 3, 2, 3, 2, 3, 2, 1, 1, 2, 1, 3, 3, 1, 3, 2, 1, 1, 2, 1, 1, 2, 2, 1, 2, 2, 1, 1, 2, 1, 2, 1, 0, 1, 2, 1, 1, 1, 1, 1]
[1, 1, 1, 1, 1, 1, 1, 1, 1, 1, 1, 1, 1, 1, 1, 1, 1, 1, 1, 1, 1, 1, 2, 1, 1, 1, 2, 1, 2, 1, 1, 1, 1, 2, 1, 1, 2, 2, 2, 2, 1, 1, 1, 2, 1, 1, 1, 1, 1, 1, 1, 1, 2, 1, 1, 1, 1, 2, 1, 1, 1, 1, 1, 2, 1, 1, 2, 2, 1, 2, 2, 2, 2, 2, 2, 1, 1, 1, 1, 3, 1, 2, 1, 3, 1, 2, 1, 2, 1, 3, 1, 3, 1, 2, 2, 2, 1, 2, 3, 2, 3, 2, 1, 1, 1, 1, 1, 2, 1, 0, 1, 2, 1, 1, 1, 1, 2, 1, 1, 1, 2, 1, 1, 3, 2, 1, 2, 1, 2, 1, 2, 1, 2, 1, 2, 1, 1, 1, 2, 1, 1, 1, 2, 1, 1, 2, 2, 2, 2, 1, 2, 1, 2, 1, 2, 1, 2, 1, 2, 2, 1, 1, 1, 2, 1, 1, 1, 1, 2, 1, 1, 1, 1, 1, 1, 2, 1, 2, 1, 2, 1, 1, 1, 1, 1, 1, 1, 1, 1]
[1, 1, 1, 1, 1, 1, 1, 1, 1, 1, 1, 1, 1, 1, 1, 1, 1, 1, 1, 2, 1, 1, 1, 1, 1, 1, 1, 2, 3, 3, 2, 4, 2, 3, 1, 2, 2, 1, 1, 2, 2, 3, 2, 2, 3, 2, 2, 2, 1, 2, 2, 2, 3, 2, 2, 3, 1, 2, 2, 2, 2, 3, 2, 1, 2, 2, 2, 1, 1, 1, 1, 2, 1, 2, 2, 2, 1, 2, 2, 2, 1, 2, 1, 2, 1, 1, 1, 1, 2, 1, 1, 2, 1, 2, 1, 2, 1, 2, 1, 1, 2, 1, 3, 2, 2, 3, 3, 3, 2, 3, 1, 3, 2, 1, 2, 1, 2, 1, 2, 2, 2, 2, 2, 3, 2, 2, 2, 2, 1, 1, 1, 1, 2, 2, 2, 3, 1, 2, 1, 1, 1, 1, 2, 1, 1, 2, 1, 1, 1, 1, 2, 1, 1, 1, 1, 1, 1, 1, 1, 1, 1]
[1, 3, 3, 4, 4, 5, 6, 4, 5, 6, 5, 4, 4, 6, 4, 5, 4, 6, 4, 4, 2, 1, 2, 1, 2, 2, 3, 3, 4, 5, 5, 7, 7, 9, 10, 5, 7, 6, 6, 5, 6, 6, 6, 7, 4, 5, 6, 4, 3, 3, 4, 2, 3, 1, 2, 2, 2, 2, 2, 1, 3, 2, 2]
[1, 2, 3, 2, 3, 1, 1, 1, 2, 1, 1, 1, 1, 1, 1, 1, 1, 1, 1, 1, 1, 1, 2, 1, 1, 1, 1, 1, 1, 1, 1, 1, 1, 1, 2, 1, 1, 1, 1, 2, 1, 2, 1, 2, 1, 2, 1, 2, 1, 2, 1, 2, 1, 2, 1, 1, 1, 1, 1, 1, 1, 1, 2, 1, 2, 2, 2, 3, 3, 1, 1, 1, 2, 1, 1, 2, 1, 2, 2, 1, 1, 1, 1, 1, 1, 1, 1, 1, 1, 1, 1, 1, 1, 1, 1, 1, 1, 1, 1, 1, 1, 1, 1, 1, 2, 2, 1, 1, 2, 3, 2, 3, 3, 2, 3, 2, 2, 2, 2, 2, 2, 1, 1, 3, 1, 2, 1, 1, 2, 2, 2, 2, 1, 1, 1, 1, 1, 1, 1, 1, 1, 1, 1, 1, 1, 2, 1, 1, 2, 2, 1, 2, 1, 2, 2, 2, 1, 1, 1, 1, 1, 1, 2, 1, 1, 1, 1, 2, 1, 1, 1, 1, 1, 1, 1, 1, 1, 1, 1, 1, 1, 1, 1, 1, 1, 1, 1, 1, 1, 1, 1, 1, 1, 1, 1]
[1, 1, 1, 1, 1, 1, 1, 1, 1, 1, 1, 1, 1, 1, 2, 1, 2, 1, 1, 1, 1, 1, 1, 2, 1, 1, 1, 3, 2, 1, 1, 2, 1, 2, 1, 4, 2, 1, 2, 1, 2, 1, 2, 1, 1, 1, 2, 2, 2, 1, 1, 1, 2, 1, 2, 1, 1, 1, 2, 1, 1, 2, 1, 1, 1, 1, 1, 2, 2, 1, 1, 1, 1, 1, 2, 2, 1, 2, 1, 2, 1, 2, 1, 2, 1, 2, 1, 3, 1, 3, 2, 1, 2, 2, 3, 2, 1, 1, 1, 1, 2, 1, 2, 1, 2, 2, 1, 1, 1, 1, 1, 1, 1, 1, 2, 1, 1, 1, 1, 1, 1, 1, 2, 1, 2, 1, 2, 1, 1, 2, 2, 2, 3, 1, 2, 1, 2, 1, 2, 1, 2, 1, 1, 1, 1, 2, 1, 2, 1, 3, 1, 2, 1, 2, 2, 2, 2, 2, 1, 1, 1, 1, 1, 1, 1, 1, 1, 1, 1, 1, 1, 1, 1, 1, 1, 1, 2, 1, 1, 1, 1, 1, 1, 1, 1, 1, 1, 1, 1]
[1, 1, 1, 1, 1, 1, 1, 1, 1, 1, 1, 2, 3, 1, 1, 1, 2, 1, 1, 3, 2, 2, 2, 2, 1, 1, 1, 2, 1, 2, 2, 1, 1, 2, 1, 2, 1, 1, 1, 2, 2, 1, 1, 1, 2, 1, 1, 2, 1, 2, 2, 1, 1, 1, 2, 1, 2, 1, 2, 1, 1, 2, 2, 2, 3, 2, 1, 3, 2, 2, 1, 2, 1, 2, 1, 2, 1, 2, 2, 2, 1, 1, 1, 2, 2, 1, 2, 1, 1, 1, 1, 2, 1, 2, 3, 4, 3, 4, 3, 4, 3, 1, 2, 2, 2, 3, 2, 3, 3, 4, 3, 2, 3, 1, 3, 2, 1, 2, 1, 1, 2, 1, 2, 1, 2, 1, 2, 1, 1, 2, 2, 1, 1, 1, 1, 1, 2, 2, 2, 1, 1, 1, 1, 1, 1, 1, 1, 1, 1, 1, 1, 1, 3, 2, 1, 1, 1, 1, 2, 1, 1, 1]
[1, 1, 2, 2, 2, 1, 2, 1, 1, 1, 1, 2, 1, 2, 2, 1, 1, 1, 1, 1, 1, 1, 2, 3, 2, 4, 4, 4, 4, 6, 4, 4, 3, 1, 3, 4, 1, 4, 3, 3, 4, 4, 5, 4, 3, 4, 1, 3, 1, 2, 2, 2, 1, 2, 1, 2, 1, 2, 3, 3, 3, 5, 3, 1, 2, 2, 3, 2, 1, 2, 2, 1, 1, 3, 2, 2, 3, 2, 2, 3, 4, 2, 3, 3, 3, 2, 3, 3, 1, 2, 1, 3, 1, 2, 1, 3, 2, 2, 2, 1, 1, 2, 1, 1, 1, 3, 1, 3, 3, 1, 3, 1, 2, 1, 3, 2, 1, 1, 1]
[1, 2, 4, 6, 6, 10, 10, 11, 10, 6, 6, 4, 4, 2, 2, 2, 3, 4, 4, 6, 7, 8, 7, 8, 6, 8, 6, 5, 4, 7, 4, 4, 2, 4, 2, 2, 2, 3, 2, 3, 4, 3, 3, 2, 3, 3, 3, 1, 3, 1, 2, 1, 1, 1, 1, 1, 1, 1, 2, 1, 2, 1, 2, 1, 2, 1, 1, 3, 2, 3, 1, 1, 1, 2, 1]
[1, 1, 1, 1, 1, 3, 1, 2, 1, 1, 1, 1, 1, 3, 4, 5, 7, 5, 10, 4, 5, 6, 4, 3, 1, 1, 2, 2, 3, 3, 4, 8, 5, 6, 4, 5, 3, 4, 3, 2, 3, 2, 1, 1, 1, 3, 1, 3, 3, 2, 2, 2, 1, 1, 1, 2, 1, 2, 2, 1, 1, 2, 3, 1, 2, 1, 2, 1, 2, 1, 1, 2, 1, 1, 1, 1, 2, 1, 2, 1, 3, 2, 3, 3, 1, 3, 2, 2, 3, 2, 2, 3, 3, 2, 1, 2, 2, 1, 2, 1, 1, 1, 1, 2, 1, 2, 1, 1, 1, 1, 1, 1, 1, 1, 1, 1, 1, 1, 1, 1, 1, 1]
[1, 1, 1, 1, 2, 2, 3, 2, 3, 4, 3, 3, 2, 4, 2, 3, 2, 3, 3, 4, 6, 8, 7, 8, 5, 5, 5, 5, 3, 4, 3, 3, 2, 3, 3, 1, 5, 3, 7, 6, 7, 7, 5, 6, 3, 4, 2, 3, 2, 2, 1, 1, 1, 1, 2, 1, 1, 2, 3, 1, 3, 3, 2, 3, 1, 2, 2, 1, 1, 1, 1, 1, 1, 1, 1, 1, 1, 1, 1, 1, 1, 1, 1, 1, 2, 2, 2, 1, 2, 2, 1, 1, 1, 1, 1, 1, 1, 1, 1, 1, 1, 2, 2, 1, 1, 1, 1]
[3, 4, 4, 9, 7, 9, 9, 7, 8, 6, 5, 5, 6, 2, 2, 2, 3, 3, 3, 2, 5, 3, 5, 5, 6, 4, 4, 5, 6, 8, 6, 7, 7, 5, 7, 5, 5, 4, 4, 3, 2, 2, 1, 3, 1, 2, 3, 1, 2, 2, 2, 2, 1, 2, 1, 1, 2, 1, 2, 1, 2, 1, 1, 1, 1, 1, 2, 0, 2, 1, 2, 1, 2, 1, 1, 1, 1]
[1, 2, 4, 4, 4, 4, 2, 6, 6, 5, 9, 5, 5, 4, 5, 4, 3, 3, 2, 3, 4, 3, 4, 5, 8, 7, 8, 5, 6, 5, 7, 2, 4, 2, 3, 2, 3, 2, 1, 2, 3, 2, 1, 2, 1, 3, 1, 2, 1, 2, 2, 2, 2, 1, 2, 1, 1, 1, 2, 2, 1, 1, 2, 1, 2, 1, 2, 3, 1, 3, 2, 4, 3, 3, 1, 2, 1, 2, 1, 1, 1, 1, 2, 1, 2, 1, 1, 1, 1, 1, 2, 1, 1, 1, 1, 1, 1, 3, 1]
[5, 8, 6, 8, 8, 11, 10, 8, 8, 7, 7, 6, 9, 5, 4, 7, 5, 4, 2, 2, 2, 2, 1, 1, 1, 2, 1, 3, 1, 3, 2, 3, 1, 2, 3, 1, 2, 1, 2, 1, 2, 1, 1, 2, 1, 1, 3, 1, 2, 1, 1, 1, 1, 1, 2, 1, 1, 1, 1, 1, 2, 1, 1, 1, 1, 1, 1, 1, 1, 1, 1, 1, 2, 1, 1, 1, 1, 1, 1, 2, 1, 1, 1, 1, 1, 1, 1, 1, 1, 1, 1, 1, 2, 1, 2, 1, 1, 1, 1, 1, 1, 1, 1, 1, 1, 1, 1, 1, 1, 1, 1, 1, 1, 1, 1, 1, 1, 1, 1, 1]
[1, 1, 2, 1, 1, 1, 1, 1, 1, 1, 2, 1, 2, 1, 1, 1, 2, 2, 2, 2, 4, 1, 3, 2, 2, 2, 1, 2, 1, 2, 1, 3, 3, 3, 2, 2, 1, 1, 2, 1, 1, 1, 1, 1, 2, 1, 1, 1, 2, 1, 1, 2, 2, 1, 1, 1, 1, 2, 2, 2, 1, 2, 2, 2, 1, 1, 1, 2, 1, 2, 1, 2, 1, 2, 1, 3, 1, 3, 3, 3, 5, 4, 5, 6, 5, 4, 6, 3, 3, 2, 1, 1, 1, 1, 2, 1, 1, 1, 2, 3, 3, 3, 2, 2, 1, 1, 1, 1, 1, 2, 1, 2, 3, 1, 1, 1, 1, 1, 1, 1, 1, 2, 3, 3, 2, 1, 1, 2, 1, 1, 1, 1, 2, 1, 1, 2, 2, 2, 1, 2, 1, 1, 1, 1, 1, 1, 1, 1, 2, 1, 1]
[1, 1, 1, 1, 1, 2, 2, 3, 4, 4, 4, 6, 4, 7, 6, 7, 5, 7, 6, 4, 5, 4, 4, 5, 3, 4, 3, 3, 5, 2, 7, 2, 1, 2, 1, 2, 2, 2, 2, 2, 2, 3, 1, 2, 2, 2, 1, 2, 2, 2, 2, 1, 1, 2, 1, 1, 1, 2, 3, 2, 1, 1, 2, 1, 1, 1, 1, 1, 1, 1, 1, 1, 1, 1, 1, 1, 2, 2, 1, 1, 1, 1, 1, 1, 1, 1, 2, 1, 2, 2, 2, 3, 2, 3, 3, 2, 1, 1, 1, 1, 1, 3, 2, 1, 2, 1, 1, 1, 1, 2, 1, 2, 1, 2, 1, 2, 1, 2, 0, 1, 3]
[1, 2, 2, 2, 4, 5, 4, 5, 4, 6, 8, 5, 4, 8, 6, 5, 5, 3, 3, 1, 2, 1, 1, 2, 2, 1, 2, 1, 1, 2, 1, 2, 2, 1, 1, 1, 1, 1, 1, 1, 3, 1, 1, 2, 1, 2, 2, 3, 2, 1, 2, 2, 3, 3, 3, 2, 3, 3, 2, 3, 3, 3, 2, 3, 3, 3, 1, 2, 2, 2, 1, 2, 1, 2, 2, 2, 1, 1, 2, 1, 1, 1, 1, 1, 1, 1, 2, 2, 1, 1, 2, 1, 3, 1, 2, 1, 2, 1, 2, 1, 2, 1, 2, 1, 2, 1, 1, 1, 1, 1, 2, 2, 1, 3, 1, 3, 3, 2, 2, 1, 2, 1, 2]
[1, 1, 1, 1, 3, 5, 8, 10, 9, 8, 7, 6, 6, 4, 3, 3, 1, 1, 3, 3, 3, 5, 7, 9, 11, 12, 12, 12, 13, 9, 7, 4, 4, 2, 1, 1, 4, 3, 9, 9, 10, 8, 8, 3, 1, 2, 1, 2, 1, 2]
[0, 1, 2, 1, 1, 3, 3, 3, 2, 4, 7, 7, 9, 12, 11, 12, 13, 14, 12, 14, 13, 14, 13, 10, 10, 9, 7, 5, 7, 4, 5, 6, 5, 7, 5, 5]
[2, 1, 3, 3, 5, 6, 5, 9, 10, 9, 8, 9, 8, 6, 5, 6, 6, 6, 5, 3, 3, 2, 2, 1, 2, 2, 2, 3, 4, 5, 4, 9, 6, 5, 5, 4, 3, 1, 2, 1, 3, 1, 4, 3, 4, 3, 6, 1, 3, 3, 1, 2, 1, 2, 1, 3, 1, 1, 1, 1, 1, 1, 2, 2, 2, 1, 1, 1, 1, 2, 1, 2, 2, 1, 1, 1, 1, 1, 1, 1, 1, 1, 1, 1, 2]
[1, 3, 2, 2, 3, 6, 8, 10, 11, 10, 11, 12, 11, 8, 8, 6, 5, 1, 2, 2, 3, 4, 5, 7, 5, 4, 5, 4, 4, 2, 4, 3, 4, 3, 4, 3, 1, 4, 2, 1, 1, 2, 1, 2, 2, 3, 4, 6, 8, 8, 7, 7, 5, 4, 3, 1]
[1, 1, 2, 1, 2, 2, 2, 1, 2, 2, 3, 3, 3, 3, 5, 5, 5, 10, 7, 8, 6, 8, 7, 7, 5, 6, 5, 4, 7, 4, 4, 4, 5, 4, 4, 3, 4, 4, 3, 3, 3, 1, 2, 2, 2, 2, 1, 1, 1, 2, 1, 2, 1, 3, 1, 3, 3, 1, 2, 3, 2, 2, 1, 2, 1, 2, 1, 1, 2, 1, 2, 1, 1, 1, 2, 1, 1, 1, 1, 1, 1, 1, 1, 2, 1, 1, 1, 1, 2, 1, 1, 1, 1, 2, 1, 2, 1, 2, 1, 2, 1, 1, 1, 1, -253, -6, 1, 1, 2, 1, 3, 1, 3, 3, 4, 4, 4, 6, 8, 5, 7, 9, 8, 8, 8, 6, 4, 5, 4, 3, 4, 6, 5, 7, 7, 7, 6, 6, 6, 5, 2, 3, 2, 1, 2, 2, 3, 3, 4, 4, 4, 2, 4, 4, 3, 3, 4, 3, 2, 3, 1, 2, 1, 2, 2, 3, 2, 1, 2, 1, 1, 2, 2, 2, 2, 1, 2, 1, 1, 1, 1, 1]
[1, 1, 3, 3, 4, 6, 7, 8, 9, 11, 11, 12, 12, 14, 13, 9, 12, 12, 8, 10, 7, 4, 4, 5, 3, 1, 2, 1, 2, 1, 0, 2, 1, 2, 1, 2, 1, 1, 2, 2, 1, 1, 1, 1, 3, 1, 2, 1, 2, 1, 2, 1, 1, 1, 1, 2, 1, 2, 1, 2, 1, 1, 2, 2, 1, 1, 1, 1, 1, 1, 1, 1, 1, 1, 1, 2, 1]
[1, 2, 2, 2, 2, 3, 4, 1, 2, 5, 8, 9, 11, 14, 15, 16, 19, 19, 15, 8, 7, 2, 1, 1, 1, 1, 1, 2, 1, 1, 1, 1, 1, 2, 1, 2, 1, 2, 1, 2, 1, 2, 1, 1, 2, 2, 1, 1, 1, 1, 1, 1, 1, 1, 1, 1, 2, 1, 2, 1, 2, 1, 1, 2, 2, 1, 1, 1, 1, 1, 1, 1, 1, 1, 1, 4, 2, 1, 1, 1, 1, 1, 2, 1, 1, 2, 1, 1, 1, 1, 1, 1, 1, 1, 1]
[1, 1, 2, 1, 2, 1, 3, 4, 9, 8, 11, 11, 8, 8, 9, 5, 10, 8, 7, 5, 3, 2, 2, 1, 2, 1, 1, 1, 1, 1, 2, 2, 3, 1, 3, 2, 3, 3, 1, 2, 1, 3, 4, 3, 4, 5, 2, 3, 2, 2, 1, 1, 1, 2, 1, 2, 3, 1, 2, 1, 2, 1, 1, 2, 3, 1, 2, 1, 0, 2, 2, 1, 2, 2, 4, 2, 3, 3, 1, 1, 1, 1, 2, 1, 1, 1, 1, 2, 1, 1, 1, 1, 1, 1, 1, 1, 1, 1, 1, 1, 1, 1, 1, 0, 1, 1, 1]
[1, 1, 2, 2, 3, 3, 4, 2, 7, 5, 10, 9, 12, 13, 15, 12, 9, 7, 4, 3, 3, 2, 1, 1, 2, 1, 3, 3, 1, 2, 3, 3, 3, 3, 4, 5, 4, 4, 4, 6, 3, 4, 2, 1, 1, 1, 1, 2, 1, 2, 2, 1, 1, 1, 3, 3, 1, 3, 1, 2, 3, 1, 3, 1, 2, 1, 1, 2, 2, 1, 3, 1, 1, 2, 2, 1, 1, 1, 1, 2, 1, 1, 1, 1, 2, 1, 1, 1]
[1, 2, 2, 2, 5, 4, 6, 6, 10, 9, 12, 11, 10, 11, 7, 7, 1, 2, 1, 1, 1, 1, 3, 3, 4, 6, 5, 6, 4, 4, 3, 3, 1, 2, 1, 2, 1, 2, 1, 2, 1, 3, 4, 4, 6, 3, 4, 1, 1, 1, 1, 1, 1, 1, 2, 2, 1, 1, 2, 1, 2, 1, 3, 1, 2, 1, 3, 1, 3, 1, 1, 1, 2, 1, 2, 1, 2, 1, 2, 1, 1, 1, 1, 2, 2, 1, 1, 1, 0, 3, 2, 0, 1, 1, 1, 1, 1, 1, 0]
[1, 2, 2, 3, 3, 4, 8, 9, 14, 14, 18, 19, 19, 19, 14, 8, 6, 2, 3, 1, 2, 2, 2, 2, 2, 2, 3, 1, 3, 2, 4, 1, 3, 3, 3, 5, 3, 3, 2, 2, 1, 1, 1, 1, 1, 1, 1, 2, 1, 2, 1, 2, 1, 2, 1, 3, 2, 1, 1, 2, 1, 1, 1, 1, 1, 1, 1, 1, 1, 1, 1, 1]
[0, 2, 1, 4, 8, 11, 12, 18, 24, 25, 22, 19, 12, 9, 8, 5, 2, 2, 1, 2, 2, 2, 1, 1, 1, 2, 1, 1, 2, 1, 1, 2, 2, 1, 1, 1, 1, 1, 1, 1, 1, 1, 1, 1, 1, 1, 2, 1, 2, 1, 1, 1, 2, 1, 1, 1, 0, 1, 1, 1, 1, 1, 3, 2, 3, 2, 1, 2, 2, 2, 1, 2, 1]
[1, 1, 1, 4, 2, 4, 8, 6, 10, 12, 19, 17, 19, 22, 19, 14, 14, 10, 7, 5, 5, 3, 1, 3, 1, 2, 1, 2, 1, 3, 1, 2, 1, 2, 3, 2, 3, 1, 2, 1, 1, 1, 1, 1, 2, 1, 1, 1, 1, 2, 1, 1, 1, 3, 1, 1, 2, 2]
[1, 2, 3, 6, 5, 9, 12, 11, 12, 18, 19, 15, 18, 13, 15, 11, 11, 9, 11, 5, 8, 5, 2, 3, 2, 1, 1, 2, 1, 1, 1, 2, 2, 1, 1, 1, 1, 1, 1, 1, 2, 2, 1, 2, 1, 2, 1, 1, 1, 1, 1]
[1, 1, 1, 1, 1, 1, 3, 4, 4, 4, 4, 7, 7, 8, 11, 9, 13, 11, 10, 11, 8, 7, 5, 6, 4, 4, 3, 2, 3, 2, 4, 2, 4, 3, 4, 4, 4, 2, 2, 2, 2, 3, 2, 1, 2, 1, 1, 1, 1, 1, 1, 1, 1, 2, 3, 4, 2, 4, 3, 3, 1, 3, 1, 2, 1, 2, 1, 2, 1, 2, 1, 2, 1, 2, 1, 2, 1, 2, 1, 2, 1, 3, 1, 2, 1, 1, 2, 3, 1, 2, 4, 4, 6, 4, 3, 4, 2, 2, 1, 2, 1, 1, 1, 1, 2, 3, 1, 3, 2, 2, 1, 1, 2, 2, 1, 1, 1, 1, 2, 1, 2, 1, 2, 1, 2, 2, 1, 1, 1, 1, 1, 1, 1, 1, 1, 1, 1, 2]
[1, 1, 1, 2, 2, 2, 1, 3, 1, 1, 1, 1, 2, 1, 2, 3, 4, 5, 7, 9, 10, 10, 11, 9, 8, 8, 6, 5, 3, 3, 3, 4, 4, 6, 7, 5, 7, 6, 7, 6, 4, 3, 4, 2, 3, 4, 3, 4, 2, 2, 4, 1, 2, 1, 1, 2, 1, 2, 2, 1, 3, 3, 3, 2, 3, 3, 2, 2, 1, 3, 3, 2, 2, 2, 1, 3, 3, 1, 2, 2, 2, 2, 2, 1, 1, 1, 2, 1, 1, 2, 1, 2, 1, 1, 2, 2, 1, 1, 2, 1, 2, 1, 2, 2, 2, 1, 1, 2, 1, 1, 2, 1, 1, 2, 2, 1, 1, 2, 1, 1, 1, 1, 1, 1, 1, 1, 1, 1, 1, 0, 1, 1, 1, 1, 0, 1, 2, 1, 0, 2, 1, 2, 1, 2, 0, 1, 1, 1, 1]
[1, 2, 2, 1, 3, 3, 5, 6, 9, 8, 10, 10, 14, 12, 12, 13, 12, 8, 8, 4, 5, 3, 2, 2, 3, 1, 3, 5, 4, 3, 5, 4, 5, 6, 8, 5, 6, 6, 6, 4, 4, 4, 6, 3, 5, 4, 4, 5, 4, 4, 4, 3, 4, 3, 2, 3, 2, 3, 2, 1, 2, 1, 2, 1, 3, 3, 3, 2, 2, 1, 1, 1, 1, 2, 2, 2, 1, 2, 1, 1, 1, 1, 1, 1, 1, 1, 2, 1, 1, 1, 1, 1, 1, 1, 1, 1, 1, 1, 1, 0, 2, 1, 2, 0, 1]
[1, 2, 1, 1, 1, 1, 1, 2, 3, 3, 2, 3, 3, 3, 2, 3, 4, 4, 6, 6, 8, 10, 10, 11, 12, 12, 9, 8, 4, 5, 1, 1, 1, 1, 1, 1, 3, 1, 4, 7, 8, 9, 9, 8, 10, 4, 4, 1, 1, 1, 3, 1, 2, 1, 2, 2, 2, 1, 3, 1, 3, 3, 3, 2, 4, 3, 4, 5, 4, 5, 3, 4, 3, 3, 2, 2, 3, 2, 3, 3, 3, 3, 3, 2, 1, 1, 0, 1, 1, 2, 1, 3, 1, 2, 1, 3, 1, 1, 1, 1, 2, 1, 2, 2, 2, 1, 1, 2, 1, 3, 1, 1, 1, 1, 1, 1, 1, 1, 2, 1]
[0, 1, 1, 1, 1, 1, 1, 1, 1, 1, 1, 1, 1, 0, 1, 2, 1, 2, 1, 1, 2, 1, 2, 1, 2, 2, 2, 1, 2, 2, 2, 2, 2, 2, 4, 5, 4, 5, 9, 7, 9, 10, 6, 9, 8, 7, 4, 4, 4, 3, 2, 3, 2, 2, 3, 3, 3, 2, 4, 5, 3, 3, 1, 2, 1, 1, 2, 2, 1, 2, 1, 3, 3, 4, 5, 3, 5, 6, 4, 4, 6, 4, 3, 3, 3, 2, 2, 3, 1, 2, 3, 2, 3, 2, 4, 3, 2, 2, 4, 2, 2, 1, 1, 2, 2, 1, 2, 2, 1, 2, 2, 3, 1, 3, 2, 1, 1, 1, 2, 3, 2, 1, 1, 2, 1, 2, 1, 2, 1, 2, 2, 1, 1, 2, 1, 0, 2, 1, 1, 1, 2, 1, 1, 1, 1, 1, 2, 1, 2, 1]
[1, 1, 1, 1, 1, 1, 1, 1, 1, 2, 1, 2, 2, 1, 2, 1, 2, 1, 1, 2, 2, 1, 1, 1, 1, 2, 2, 2, 2, 1, 2, 1, 2, 1, 3, 1, 2, 1, 2, 1, 1, 2, 1, 3, 1, 2, 1, 2, 3, 2, 2, 1, 2, 1, 1, 2, 1, 2, 1, 2, 1, 1, 2, 1, 1, 1, 1, 1, 2, 1, 1, 1, 2, 1, 2, 1, 1, 1, 1, 1, 1, 1, 2, 2, 4, 3, 4, 3, 3, 2, 2, 1, 2, 1, 1, 1, 1, 2, 2, 2, 2, 1, 1, 1, 2, 1, 2, 1, 1, 1, 2, 1, 1, 1, 2, 1, 1, 1, 1, 2, 2, 1, 2, 2, 2, 4, 1, 3, 3, 1, 3, 2, 3, 2, 1, 2, 1, 3, 1, 2, 1, 1, 1, 1, 1, 1, 1, 2, 1, 2, 3, 1, 4, 3, 4, 3, 2, 3, 3, 1, 3, 3, 1, 2, 1, 2, 2, 2, 1, 3, 3, 1, 3, 3, 2, 1, 2, 1, 1, 1, 2, 2, 2, 1, 3, 1, 2, 1, 2, 1, 2, 1, 1, 1, 1, 1, 1, 1, 1, 1, 1, 1, 1, 1, 1, 1, 1, 1, 1, 1, 2, 1, 1, 1, 1, 1, 1, 1, 2, 1, 1, 1, 1, 1, 1, 1, 0, 2, 1, 0, 2]
[1, 1, 1, 3, 2, 3, 5, 6, 11, 11, 14, 13, 15, 13, 15, 12, 12, 10, 10, 5, 7, 5, 4, 5, 3, 2, 3, 4, 2, 4, 4, 3, 6, 4, 5, 4, 6, 5, 4, 5, 7, 2, 3, 4, 2, 2, 2, 3, 2, 2, 2, 2, 1, 2, 2, 2, 1, 3, 2, 3, 1, 1, 1, 1, 1, 1, 1, 1, 2, 1, 2, 1, 0, 2, 1, 2, 1, 1, 1, 1, 1, 1, 2, 1, 1, 1, 1, 1, 2, 1, 2, 1, 2, 1, 2, 1, 1, 1, 1, 2, 1, 1, 1, 1, 1, 1, 1, 1, 1, 1, 1, 1, 1]
[0, 1, 1, 2, 1, 0, 1, 1, 1, 1, 1, 1, 1, 1, 1, 1, 2, 1, 2, 2, 2, 1, 2, 3, 1, 1, 2, 1, 1, 1, 1, 2, 1, 2, 1, 2, 1, 1, 2, 1, 1, 1, 1, 1, 2, 2, 2, 2, 1, 1, 2, 3, 2, 1, 2, 2, 2, 2, 2, 3, 1, 3, 1, 2, 1, 3, 1, 3, 3, 3, 3, 3, 2, 1, 3, 1, 1, 2, 2, 2, 3, 3, 1, 4, 3, 4, 3, 3, 1, 2, 1, 1, 2, 1, 2, 1, 1, 1, 1, 2, 3, 3, 3, 3, 1, 3, 3, 3, 2, 3, 2, 2, 2, 2, 2, 1, 3, 2, 3, 3, 3, 3, 3, 2, 3, 1, 1, 1, 3, 1, 3, 1, 3, 2, 2, 3, 3, 1, 2, 1, 1, 1, 1, 1, 1, 1, 1, 2, 1, 2, 1, 3, 2, 1, 1, 1, 1, 1, 1, 1, 2, 1, 1, 1, 2, 2, 1, 2, 1, 1, 1, 2, 2, 1, 3, 3, 1, 2, 3, 2, 2, 1, 1, 1, 1, 2, 1, 1, 1, 2, 2, 2, 2, 2, 1, 1, 2, 1, 1, 1, 0, 1, 1, 1, 1, 0, 1, 1, 1, 1, 1, 1, 1, 1, 1, 1]